"x","y","c1","c2","c3"
0,0,0.0500000004594905,0.0500148245959211,0.899985174944588
10,0,0.0500000004602766,0.0500153213814038,0.89998467815832
20,0,0.0500000004627454,0.050015892891615,0.89998410664564
30,0,0.0500000004670865,0.0500165516542604,0.899983447878653
40,0,0.0500000004735296,0.0500173128116707,0.8999826867148
50,0,0.0500000004823536,0.0500181947638744,0.899981804753772
60,0,0.0500000004938979,0.0500192199907147,0.899980779515388
70,0,0.0500000005085778,0.0500204161078384,0.899979583383584
80,0,0.0500000005269034,0.050021817229424,0.899978182243673
90,0,0.0500000005495034,0.0500234657348112,0.899976533715685
100,0,0.0500000005771571,0.050025414568992,0.899974584853851
110,0,0.0500000006108344,0.050027730251269,0.899972269137897
120,0,0.0500000006517483,0.0500304968264824,0.899969502521769
130,0,0.0500000007014232,0.0500338210747266,0.89996617822385
140,0,0.0500000007617843,0.0500378394062138,0.899962159832002
150,0,0.0500000008352747,0.0500427270184569,0.899957272146268
160,0,0.0500000009250098,0.0500487100976213,0.899951288977369
170,0,0.0500000010349811,0.0500560821242174,0.899943916840802
180,0,0.0500000011703267,0.0500652257216292,0.899934773108044
190,0,0.0500000013376903,0.0500766419997623,0.899923356662547
200,0,0.0500000015456997,0.0500909900429558,0.899909008411345
210,0,0.0500000018056067,0.0501091401346931,0.8998908580597
220,0,0.0500000021321425,0.0501322455857238,0.899867752282134
230,0,0.0500000025446664,0.050161839747695,0.899838157707639
240,0,0.0500000030687084,0.0501999670956218,0.89980002983567
250,0,0.0500000037380444,0.0502493603355509,0.899750635926405
260,0,0.0500000045974918,0.0503136795749532,0.899686315827555
270,0,0.0500000057066773,0.0503978349773453,0.899602159315977
280,0,0.0500000071451182,0.0505084213672846,0.899491571487597
290,0,0.0500000090190744,0.0506543023759484,0.899345688604977
300,0,0.0500000114707857,0.0508473933830109,0.899152595146203
310,0,0.0500000146909148,0.0511037071763161,0.898896278132769
320,0,0.0500000189352812,0.0514447442745522,0.898555236790167
330,0,0.0500000245473202,0.0518993313088007,0.898100644143879
340,0,0.0500000319881305,0.0525060351802049,0.897493932831665
350,0,0.0500000418765019,0.0533163061430299,0.896683651980468
360,0,0.0500000550419345,0.0543985255862961,0.89560141937177
370,0,0.0500000725943149,0.0558431465138366,0.894156780891849
380,0,0.0500000960145288,0.0577691030210888,0.892230800964382
390,0,0.0500001272706335,0.0603316067944947,0.889668265934872
400,0,0.0500001689639198,0.0637313081548562,0.886268522881224
410,0,0.050000224507625,0.0682245240866224,0.881775251405753
420,0,0.0500002983372045,0.0741337563880456,0.87586594527475
430,0,0.0500003961435563,0.081856961162236,0.868142642694208
440,0,0.0500005251077667,0.091872928387258,0.858126546504975
450,0,0.0500006940965034,0.104738716117351,0.845260589786145
460,0,0.0500009137515026,0.121073592866934,0.828925493381564
470,0,0.0500011963791596,0.141522979032981,0.80847582458786
480,0,0.0500015555287354,0.166696550812537,0.783301893658727
490,0,0.0500020051607629,0.197078481766052,0.752919513073185
500,0,0.0500025583764674,0.232915987102859,0.717081454520674
510,0,0.0500032258197025,0.274104466709283,0.675892307471014
520,0,0.0500040140541346,0.320099838991979,0.629896146953886
530,0,0.0500049243826126,0.369893770926137,0.580101304691251
540,0,0.0500059525959363,0.422077804202584,0.52791624320148
550,0,0.0500070899321398,0.47499645503393,0.47499645503393
560,0,0.0500083251377241,0.52695683945816,0.423034835404116
570,0,0.0500096471316457,0.576440297259911,0.373550055608443
580,0,0.0500110475923567,0.622262604252486,0.327726348155157
590,0,0.0500125229018118,0.663652193319243,0.286335283778945
600,0,0.0500140751916938,0.700246309309365,0.249739615498941
610,0,0.0500157125613491,0.732027805150092,0.217956482288558
620,0,0.0500174487360243,0.759233293865507,0.190749257398469
630,0,0.0500193024781536,0.78225900346892,0.167721694052926
640,0,0.050021297003273,0.801580676747384,0.148398026249343
650,0,0.0500234595540643,0.817694060960161,0.132282479485774
660,0,0.0500258211986792,0.831075778632353,0.118898400168968
670,0,0.0500284168616567,0.842160965632063,0.10781061750628
680,0,0.0500312855666752,0.851333102035178,0.0986356123981467
690,0,0.0500344708615273,0.858921850156639,0.0910436789818332
700,0,0.0500380213980493,0.865205629727397,0.0847563488745538
710,0,0.0500419916467886,0.870416628652187,0.079541379701024
720,0,0.0500464427341512,0.874746759825684,0.0752067974401646
730,0,0.0500514433968736,0.878353675984974,0.0715948806181529
740,0,0.0500570710543316,0.881366364156461,0.068576564789207
750,0,0.0500634130034347,0.883890101796158,0.0660464852004068
760,0,0.0500705677438926,0.8860107119005,0.0639187203556079
770,0,0.050078646443761,0.887798139845984,0.0621232137102552
780,0,0.0500877745566085,0.889309416555243,0.0606028088881482
790,0,0.0500980936025828,0.890591088520603,0.0593108178768144
800,0,0.0501097631262128,0.891681196702652,0.0582090401711352
810,0,0.0501229628440413,0.892610880443056,0.0572661567129022
820,0,0.0501378949951878,0.89340567347739,0.0564564315274226
830,0,0.0501547869077069,0.894086549260082,0.055758663832211
840,0,0.0501738937931411,0.894670763352143,0.0551553428547157
850,0,0.0501955017809573,0.895172532143398,0.0546319660756445
860,0,0.0502199312035958,0.895603579880542,0.0541764889158628
870,0,0.0502475401416251,0.895973579846649,0.0537788800117261
880,0,0.0502787282369736,0.89629051048652,0.0534307612765065
890,0,0.0503139407803801,0.896560943156653,0.0531251160629671
900,0,0.0503536730770567,0.896790274853469,0.0528560520694747
910,0,0.0503984750920719,0.896982916602431,0.0526186083054968
920,0,0.0504489563741366,0.897142446053783,0.0524085975720808
930,0,0.0505057912532969,0.897271731125455,0.0522224776212484
940,0,0.0505697243045125,0.897373030175294,0.0520572455201939
950,0,0.0506415760652245,0.897448073103473,0.0519103508313026
960,0,0.0507222489908006,0.897498126925607,0.0517796240835924
970,0,0.0508127336272068,0.897524048672405,0.0516632177003885
980,0,0.0509141149754026,0.897526327926652,0.0515595570979458
990,0,0.0510275790168245,0.897505120874166,0.051467300109009
1000,0,0.0511544193639282,0.897460277399358,0.0513853032367138
0,10,0.0500000004602772,0.0500142854768823,0.899985714062841
10,10,0.0500000004594905,0.0500147211627415,0.899985278377768
20,10,0.0500000004603298,0.0500152245330229,0.899984775006647
30,10,0.0500000004629709,0.0500158069975674,0.899984192539462
40,10,0.0500000004676272,0.0500164823709747,0.899983517161398
50,10,0.0500000004745587,0.0500172674725553,0.899982732052886
60,10,0.050000000484083,0.0500181828962925,0.899981816619624
70,10,0.0500000004965901,0.0500192540039306,0.899980745499479
80,10,0.0500000005125603,0.0500205122121816,0.899979487275258
90,10,0.0500000005325879,0.0500219966692447,0.899978002798167
100,10,0.0500000005574121,0.0500237564487221,0.899976242993866
110,10,0.0500000005879565,0.0500258534337592,0.899974145978284
120,10,0.0500000006253804,0.0500283661252668,0.899971633249353
130,10,0.0500000006711468,0.0500313946914155,0.899968604637438
140,10,0.0500000007271114,0.0500350676895497,0.899964931583339
150,10,0.0500000007956391,0.0500395510476057,0.899960448156755
160,10,0.0500000008797594,0.0500450601056353,0.899954939014605
170,10,0.0500000009833724,0.0500518758103937,0.899948123206234
180,10,0.0500000011115227,0.0500603665561418,0.899939632332336
190,10,0.0500000012707659,0.0500710177121519,0.899928981017082
200,10,0.0500000014696595,0.0500844716250481,0.899915526905292
210,10,0.0500000017194216,0.0501015819034823,0.899898416377096
220,10,0.0500000020348178,0.0501234871791872,0.899876510785995
230,10,0.0500000024353574,0.0501517114187335,0.899848286145909
240,10,0.0500000029469078,0.0501883004007099,0.899811696652382
250,10,0.0500000036038786,0.0502360073897825,0.899763989006339
260,10,0.0500000044521781,0.0502985456093379,0.899701449938484
270,10,0.0500000055532187,0.0503809311868827,0.899619063259899
280,10,0.0500000069893438,0.0504899482489908,0.899510044761665
290,10,0.0500000088711844,0.0506347782817764,0.899365212847039
300,10,0.0500000113476214,0.0508278493151839,0.899172139337195
310,10,0.0500000146192685,0.0510859775085338,0.898914007872198
320,10,0.0500000189566862,0.0514318947755228,0.898568086267791
330,10,0.0500000247249326,0.0518962813178218,0.898103693957246
340,10,0.0500000324165395,0.0525204507140169,0.897479516869444
350,10,0.0500000426956076,0.0533598654336349,0.896640091870758
360,10,0.0500000564563955,0.0544886875212121,0.895511256022392
370,10,0.0500000749005153,0.0560055832932442,0.893994341806241
380,10,0.0500000996374795,0.0580409851954932,0.891958915167027
390,10,0.0500001328136291,0.0607659397367123,0.889233927449659
400,10,0.0500001772739083,0.0644024920872309,0.885597330638861
410,10,0.0500002367587312,0.0692352085076784,0.88076455473359
420,10,0.0500003161330427,0.0756228287008149,0.874376855166142
430,10,0.050000421634903,0.0840080746747645,0.865991503690333
440,10,0.0500005611145981,0.0949222587885706,0.855077180096831
450,10,0.0500007442111705,0.108979599999843,0.841019655788987
460,10,0.050000982382801,0.126854440439197,0.823144577178002
470,10,0.0500012886780096,0.149233734428862,0.800764976893128
480,10,0.0500016771231863,0.176738782616387,0.773259540260427
490,10,0.0500021616358754,0.209816097738203,0.740181740625922
500,10,0.0500027544815193,0.248608665960319,0.701388579558161
510,10,0.0500034644806385,0.292834077263672,0.65716245825569
520,10,0.0500042953946673,0.341708768349561,0.608286936255772
530,10,0.0500052450545176,0.393958015940659,0.556036739004823
540,10,0.0500063057097383,0.447931761060422,0.50206193322984
550,10,0.0500074657233876,0.501810189077681,0.448182345198931
560,10,0.0500087122529661,0.553847175544885,0.396144112202149
570,10,0.0500100342010852,0.602584997792518,0.347404968006397
580,10,0.0500114246896161,0.646988677651973,0.302999897658411
590,10,0.0500128825934487,0.686482538859496,0.263504578547055
600,10,0.050014413069235,0.720904907130032,0.229080679800733
610,10,0.05001602732053,0.750414745301914,0.199569227377556
620,10,0.0500177419602182,0.775384432816572,0.17459782522321
630,10,0.0500195782943962,0.796302772958061,0.153677648747543
640,10,0.0500215617422506,0.813699920500725,0.136278517757024
650,10,0.0500237214946343,0.828096340451803,0.121879938053563
660,10,0.0500260904342969,0.839972524666041,0.110001384899662
670,10,0.0500287052978441,0.84975423929172,0.100217055410436
680,10,0.0500316070442932,0.857808173365002,0.0921602195907051
690,10,0.0500348413959382,0.864443850874959,0.0855213077291028
700,10,0.0500384595251441,0.869918845480294,0.0800426949945616
710,10,0.0500425188703167,0.874445364013442,0.0755121171162408
720,10,0.0500470840730398,0.878197038628625,0.0717558772983351
730,10,0.0500522280353812,0.881315297858562,0.0686324741060568
740,10,0.0500580331015844,0.883915024718252,0.0660269421801636
750,10,0.0500645923720859,0.886089410954181,0.0638459966737326
760,10,0.0500720111603843,0.887914026979033,0.0620139618605825
770,10,0.0500804086050444,0.889450181034688,0.0604694103602677
780,10,0.0500899194502894,0.890747661848429,0.0591624187012818
790,10,0.0501006960093706,0.891846961366463,0.0580523426241667
800,10,0.0501129103253086,0.892781067184903,0.0571060224897885
810,10,0.0501267565437384,0.893576903390729,0.0562963400655329
820,10,0.0501424535124652,0.894256486637732,0.0556010598498032
830,10,0.0501602476219819,0.894837852941304,0.0550018994367139
840,10,0.0501804159005771,0.89533580057023,0.0544837835291933
850,10,0.0502032693767743,0.895762485766407,0.0540342448568186
860,10,0.0502291567206647,0.896127900814055,0.05364294246528
870,10,0.0502584681741975,0.896440258073161,0.0533012737526419
880,10,0.0502916397786624,0.896706298809937,0.0530020614114009
890,10,0.0503291579054099,0.896931541817601,0.052739300276989
900,10,0.0503715640932928,0.897120483755573,0.0525079521511344
910,10,0.0504194601933602,0.897276760697513,0.0523037791091266
920,10,0.0504735138179898,0.897403278444781,0.0521232077372296
930,10,0.0505344640878855,0.89750231762997,0.0519632182821443
940,10,0.0506031276662197,0.897575618422572,0.0518212539112079
950,10,0.0506804050646409,0.897624448689037,0.0516951462463222
960,10,0.05076728720093,0.897649658699754,0.0515830540993165
970,10,0.0508648621827852,0.897651724873689,0.0514834129435262
980,10,0.0509743222865585,0.897630784574493,0.0513948931389482
990,10,0.051096971093804,0.897586663593631,0.0513163653125648
1000,10,0.0512342307422536,0.897518897655862,0.0512468716018847
0,20,0.0500000004627465,0.0500137977943527,0.899986201742901
10,20,0.0500000004603304,0.0500141755297379,0.899985824009932
20,20,0.0500000004594906,0.0500146143180692,0.89998538522244
30,20,0.0500000004603893,0.0500151245084867,0.899984875031124
40,20,0.0500000004632242,0.0500157186526421,0.899984280884134
50,20,0.0500000004682366,0.0500164120622078,0.899983587469556
60,20,0.050000000475723,0.0500172235272469,0.89998277599703
70,20,0.0500000004860481,0.050018176246761,0.899981823267191
80,20,0.0500000004996632,0.0500192990403902,0.899980700459947
90,20,0.0500000005171286,0.0500206279343152,0.899979371548556
100,20,0.0500000005391442,0.0500222082473233,0.899977791213533
110,20,0.0500000005665873,0.050024097348085,0.899975902085328
120,20,0.0500000006005646,0.0500263683165825,0.899973631082853
130,20,0.0500000006424784,0.0500291148277235,0.899970884529798
140,20,0.0500000006941151,0.0500324576923389,0.899967541613546
150,20,0.0500000007577625,0.0500365536522054,0.899963445590032
160,20,0.0500000008363656,0.0500416072483599,0.899958391915274
170,20,0.0500000009337345,0.0500478868889787,0.899952112177287
180,20,0.0500000010548234,0.0500557466663807,0.899944252278796
190,20,0.0500000012061044,0.0500656560558634,0.899934342738032
200,20,0.0500000013960719,0.0500782404314642,0.899921758172464
210,20,0.0500000016359233,0.050094336435781,0.899905661928296
220,20,0.0500000019404797,0.0501150677509772,0.899884930308543
230,20,0.0500000023294341,0.0501419488808093,0.899858048789757
240,20,0.0500000028290471,0.0501770273608102,0.899822969810143
250,20,0.0500000034744506,0.0502230786171357,0.899776917908414
260,20,0.0500000043127846,0.0502838728192636,0.899716122867952
270,20,0.0500000054074669,0.0503645399307704,0.899635454661763
280,20,0.0500000068440101,0.0504720682677619,0.899527924888228
290,20,0.0500000087379438,0.0506159838389613,0.899384007423095
300,20,0.0500000112455966,0.0508092732596385,0.899190715494765
310,20,0.0500000145787561,0.0510696328198207,0.898930352601423
320,20,0.0500000190245648,0.0514211509457131,0.898578830029722
330,20,0.0500000249724513,0.0518965610294392,0.898103413998109
340,20,0.0500000329504532,0.0525402357150358,0.897459731334511
350,20,0.0500000436739619,0.0534121296942322,0.896587826631806
360,20,0.0500000581106951,0.0545929099862198,0.895407031903085
370,20,0.0500000775665043,0.0561905287663006,0.893809393667195
380,20,0.0500001037972824,0.0583484725471894,0.891651423655528
390,20,0.0500001391524082,0.0612558262139162,0.888744034633676
400,20,0.0500001867542183,0.0651590625625459,0.884840750683236
410,20,0.0500002507148959,0.0703750214809141,0.87962472780419
420,20,0.0500003363853087,0.0773037649778495,0.872695898636842
430,20,0.0500004506176198,0.0864387662371814,0.863560783145199
440,20,0.0500006020027324,0.09837015202403,0.851629245973238
450,20,0.0500008010139051,0.113774604181411,0.836224594804684
460,20,0.0500010599523623,0.133383604206876,0.816615335840762
470,20,0.0500013925610792,0.157921249007527,0.792077358431394
480,20,0.0500018131733781,0.188005947679634,0.761992239146988
490,20,0.0500023353286201,0.224019214592834,0.725978450078546
500,20,0.0500029699475498,0.265960201205373,0.684036828847077
510,20,0.0500037234027121,0.313322861846159,0.636673414751129
520,20,0.0500045960535434,0.365043990698736,0.58495141324772
530,20,0.050005581879086,0.419562376535873,0.530432041585041
540,20,0.0500066695984243,0.474996665200788,0.474996665200788
550,20,0.0500078451561924,0.529403528436,0.420588626407807
560,20,0.050009094920474,0.581043665043929,0.368947240035597
570,20,0.0500104087032814,0.628582204598337,0.321407386698382
580,20,0.0500117818917543,0.671181728894715,0.278806489213531
590,20,0.0500132164194386,0.708489303859223,0.241497479721338
600,20,0.050014720736623,0.74055013616271,0.209435143100667
610,20,0.0500163091702692,0.767689736515591,0.18229395431414
620,20,0.0500180010797312,0.790398479407509,0.15958351951276
630,20,0.0500198201031023,0.809237750522132,0.140742429374766
640,20,0.0500217936498923,0.824773731510784,0.125204474839324
650,20,0.0500239526870823,0.837536641595174,0.112439405717743
660,20,0.0500263318028871,0.847999709180246,0.101973959016867
670,20,0.0500289695075092,0.856571662937307,0.0933993675551834
680,20,0.0500319087280889,0.863597519749026,0.0863705715228852
690,20,0.05003519746364,0.869363853309664,0.0806009492266962
700,20,0.050038889577345,0.87410602213271,0.0758550882899451
710,20,0.0500430457144051,0.87801583322352,0.0719411210620748
720,20,0.0500477343423436,0.88124880780397,0.0687034578536865
730,20,0.0500530329171202,0.883930656282044,0.0660163108008357
740,20,0.0500590291829899,0.886162831677785,0.0637781391392257
750,20,0.0500658226171955,0.888027174456124,0.0619070029266808
760,20,0.0500735260327251,0.889589731974629,0.060336741992646
770,20,0.0500822673538042,0.890903862952346,0.0590138696938503
780,20,0.0500921915797322,0.892012740947551,0.0578950674727171
790,20,0.05010346295325,0.892951362619551,0.0569451744271994
800,20,0.0501162673499038,0.893748153393782,0.0561355792563142
810,20,0.0501308149048899,0.894426248805612,0.0554429362894985
820,20,0.0501473428936273,0.895004516169174,0.0548481409371986
830,20,0.050166118881803,0.895498369141391,0.054335511976806
840,20,0.0501874441598428,0.895920417482564,0.0538921383575936
850,20,0.0502116574756623,0.89628098580929,0.0535073567150478
860,20,0.0502391390781072,0.896588528212369,0.0531723327095241
870,20,0.0502703150816864,0.896849960044131,0.0528797248741829
880,20,0.050305662160995,0.897070923737636,0.052623414101369
890,20,0.0503457125806042,0.89725600199627,0.0523982854231259
900,20,0.0503910595631349,0.897408888906993,0.0522000515298721
910,20,0.0504423629947224,0.897532527334125,0.0520251096711529
920,20,0.0505003554631031,0.897629219220804,0.0518704253160931
930,20,0.0505658486191165,0.897700714063775,0.0517334373171087
940,20,0.050639739847513,0.897748279755518,0.0516119803969687
950,20,0.0507230192275983,0.897772759143944,0.0515042216284579
960,20,0.050816776758453,0.897774614995043,0.0514086082465037
970,20,0.050922209817255,0.8977539655197,0.0513238246630451
980,20,0.0510406308126401,0.897710612212192,0.0512487569751682
990,20,0.0511734749880979,0.897644061421263,0.0511824635906395
1000,20,0.0513223083231638,0.897553540816502,0.0511241508603338
0,30,0.0500000004670882,0.0500133617622472,0.899986637770665
10,30,0.050000000462972,0.0500136845413791,0.899986314995649
20,30,0.0500000004603899,0.0500140621375507,0.899985937402059
30,30,0.0500000004594906,0.0500145038960788,0.89998549564443
40,30,0.0500000004604563,0.0500150211704556,0.899984978369088
50,30,0.0500000004635105,0.0500156278382091,0.89998437169828
60,30,0.0500000004689284,0.0500163409684029,0.899983658562669
70,30,0.0500000004770502,0.0500171816901987,0.899982817832751
80,30,0.0500000004882986,0.0500181763293194,0.899981823182382
90,30,0.0500000005032004,0.0500193579031449,0.899980641593655
100,30,0.0500000005224164,0.0500207680980598,0.899979231379524
110,30,0.0500000005467789,0.0500224598980341,0.899977539555187
120,30,0.050000000577342,0.0500245010961153,0.899975498326543
130,30,0.0500000006154479,0.0500269790073211,0.899973020377231
140,30,0.0500000006628148,0.0500300068217849,0.8999699925154
150,30,0.0500000007216542,0.0500337322040588,0.899966267074287
160,30,0.050000000794828,0.0500383489765013,0.899961650228671
170,30,0.0500000008860586,0.0500441130470029,0.899955886066939
180,30,0.0500000010002129,0.0500513641890279,0.899948634810759
190,30,0.0500000011436853,0.0500605559033889,0.899939442952926
200,30,0.0500000013249165,0.0500722964527086,0.899927702222375
210,30,0.0500000015550985,0.0500874053517207,0.899912593093181
220,30,0.0500000018491327,0.050106991242397,0.89989300690847
230,30,0.0500000022269372,0.0501325593480244,0.899867438425038
240,30,0.0500000027152314,0.050166159806202,0.899833837478567
250,30,0.0500000033499746,0.0502105924200086,0.899789404230017
260,30,0.0500000041797042,0.0502696891212106,0.899730306699085
270,30,0.0500000052701036,0.0503487031989798,0.899651291530917
280,30,0.0500000067102579,0.0504548447251405,0.899545148564602
290,30,0.0500000086212165,0.0505980153442687,0.899401976034515
300,30,0.0500000111677048,0.0507918135458658,0.899208175286429
310,30,0.0500000145741247,0.0510549045896808,0.898945080836195
320,30,0.0500000191463682,0.0514128781849476,0.898587102668684
330,30,0.0500000253014743,0.0519007521405209,0.898099222558005
340,30,0.0500000336077886,0.0525663207136054,0.897433645678606
350,30,0.0500000448390522,0.0534745892377346,0.896525365923213
360,30,0.0500000600467143,0.0547135745022589,0.895286365451027
370,30,0.0500000806556409,0.0564017684653638,0.893598150878995
380,30,0.05000010858905,0.0586975338255757,0.891302357585374
390,30,0.0500001464284993,0.0618105766492554,0.888189276922245
400,30,0.0500001976132684,0.0660153481336818,0.88398445425305
410,30,0.0500002666791794,0.0716656535653674,0.878334079755453
420,30,0.050000359527768,0.0792087479405549,0.870790892531677
430,30,0.0500004837001892,0.0891956306344647,0.860803885665346
440,30,0.0500006486038957,0.102282067088111,0.847717284307993
450,30,0.0500008656037798,0.11921231148914,0.83078682290708
460,30,0.0500011478491408,0.140775450020576,0.809223402130283
470,30,0.0500015096814794,0.167724561601905,0.782273928716615
480,30,0.0500019654895043,0.200654269644237,0.749343764866258
490,30,0.0500025279897415,0.239845314557374,0.710152157452885
500,30,0.0500032061371581,0.285105088858572,0.66489170500427
510,30,0.0500040031642633,0.335653620829707,0.61434237600603
520,30,0.0500049154598497,0.390111112453579,0.559883972086571
530,30,0.0500059329280669,0.446621994078614,0.503372072993319
540,30,0.0500070410218597,0.503102140776109,0.446890818202032
550,30,0.0500082239908953,0.557543206141932,0.392448569867173
560,30,0.0500094683983127,0.608283430408794,0.341707101192893
570,30,0.0500107659389751,0.654173500988982,0.295815733072043
580,30,0.0500121150056754,0.694614509442181,0.255373375552143
590,30,0.0500135209992494,0.729491921744031,0.22049455725672
600,30,0.0500149957622991,0.759052821308078,0.190932182929623
610,30,0.0500165566258738,0.783771771369686,0.16621167200444
620,30,0.0500182254657547,0.804234912816588,0.145746861717657
630,30,0.0500200279993027,0.821054657199759,0.128925314800938
640,30,0.0500219934082677,0.834815159579221,0.115162847012511
650,30,0.0500241542821407,0.846042735080651,0.103933110637208
660,30,0.0500265468364748,0.855193841369973,0.0947796117935519
670,30,0.0500292113532755,0.862654067961302,0.0873167206854222
680,30,0.0500321927993162,0.868743209652925,0.0812245975477586
690,30,0.0500355415921004,0.873723124856456,0.0762413335514438
700,30,0.0500393144966093,0.87780636711524,0.0721543183881506
710,30,0.0500435756468482,0.881164479944484,0.0687919444086675
720,30,0.0500483976942496,0.883935423653672,0.0660161786520785
730,30,0.0500538630906425,0.886229946798931,0.0637161901104261
740,30,0.0500600655173582,0.888136903399165,0.0618030310834771
750,30,0.0500671114746429,0.889727609203534,0.0602052793218232
760,30,0.0500751220473011,0.891059366328617,0.0588655116240814
770,30,0.0500842348636689,0.892178291070891,0.05773747406544
780,30,0.0500946062657758,0.893121570077122,0.0567838236571022
790,30,0.0501064137090068,0.893919254174921,0.0559743321160722
800,30,0.0501198584097492,0.894595681820279,0.055284459769972
810,30,0.0501351682594214,0.895170607697989,0.0546942240425896
820,30,0.0501526010229201,0.895660097541153,0.054187301435927
830,30,0.0501724478388586,0.89607723800934,0.0537503141518013
840,30,0.0501950370379764,0.896432700404564,0.0533722625574594
850,30,0.050220738294746,0.89673518887057,0.0530440728346843
860,30,0.0502499671254419,0.896991797222812,0.0527582356517463
870,30,0.0502831897437486,0.897208293406885,0.0525085168493664
880,30,0.050320928282329,0.897389346524335,0.0522897251933364
890,30,0.0503637663856287,0.897538708176984,0.0520975254373871
900,30,0.0504123551755341,0.897659357382611,0.0519282874418545
910,30,0.0504674195873173,0.897753616359069,0.0517789640536136
920,30,0.0505297650685759,0.89782324294355,0.051646991987874
930,30,0.050600284628617,0.897869504215936,0.0515302111554473
940,30,0.050679966219938,0.897893234957265,0.0514267988227966
950,30,0.0507699004271473,0.897894883839377,0.0513352157334756
960,30,0.0508712884318549,0.897874549665302,0.0512541619028436
970,30,0.0509854502147938,0.897832009527453,0.0511825402577526
980,30,0.0511138329487307,0.897766740395132,0.0511194266561377
990,30,0.0512580195276534,0.897677935363347,0.0510640451090002
1000,30,0.0514197371693306,0.897564515575213,0.0510157472554564
0,40,0.050000000473532,0.0500129778926575,0.899987021633811
10,40,0.0500000004676289,0.0500132485534501,0.899986750978921
20,40,0.0500000004632253,0.0500135681761912,0.899986431360583
30,40,0.0500000004604569,0.0500139451586415,0.899986054380902
40,40,0.0500000004594907,0.0500143897205339,0.899985609819975
50,40,0.0500000004605324,0.0500149143786887,0.899985085160779
60,40,0.0500000004638367,0.0500155345645018,0.899984464971662
70,40,0.0500000004697196,0.050016269431261,0.899983730099019
80,40,0.0500000004785756,0.0500171429158758,0.899982856605549
90,40,0.0500000004908987,0.0500181851432848,0.899981814365817
100,40,0.0500000005073109,0.0500194342946181,0.899980565198071
110,40,0.0500000005285999,0.0500209391057744,0.899979060365626
120,40,0.0500000005557678,0.0500227622265333,0.899977237217699
130,40,0.0500000005900976,0.0500249847588146,0.899975014651088
140,40,0.0500000006332399,0.0500277124162769,0.899972286950483
150,40,0.0500000006873311,0.0500310839202307,0.899968915392438
160,40,0.0500000007551516,0.0500352824885853,0.899964716756263
170,40,0.0500000008403386,0.0500405516129351,0.899959447546726
180,40,0.050000000947676,0.0500472167925096,0.899952782259814
190,40,0.0500000010834875,0.0500557155562037,0.899944283360309
200,40,0.0500000012561714,0.05006663902951,0.899933359714319
210,40,0.0500000014769327,0.050080789593993,0.899919208929074
220,40,0.0500000017607838,0.0500992609826883,0.899900737256528
230,40,0.050000002127917,0.0501235496452106,0.899876448226873
240,40,0.050000002605589,0.0501557096570594,0.899844287737352
250,40,0.0500000032307119,0.0501985681795772,0.899801428589711
260,40,0.0500000040534174,0.0502560249491065,0.899743970997476
270,40,0.0500000051419629,0.0503334680670206,0.899666526791017
280,40,0.0500000065894837,0.050438350211012,0.899561643199504
290,40,0.0500000085232847,0.0505809851909055,0.89941900628581
300,40,0.0500000111176123,0.0507756455740839,0.899224343308304
310,40,0.0500000146111875,0.0510420690194691,0.898957916369343
320,40,0.0500000193312201,0.0514075149706702,0.89859246569811
330,40,0.0500000257261993,0.0519095549126372,0.898090419361164
340,40,0.0500000344104744,0.0525998275905297,0.897400137998996
350,40,0.0500000462245113,0.0535490417047668,0.896450912070722
360,40,0.0500000623156817,0.0548535535247237,0.895146384159595
370,40,0.0500000842453947,0.0566438668450029,0.893356048909602
380,40,0.05000011412901,0.059095362678219,0.890904523192771
390,40,0.0500001548146961,0.0624414052069272,0.887558439978377
400,40,0.0500002101051602,0.0669885908192816,0.883011199075558
410,40,0.0500002850202499,0.0731331646521222,0.876866550327628
420,40,0.0500003860862714,0.081376341022131,0.868623272891598
430,40,0.0500005216163815,0.0923342589700833,0.857665219413535
440,40,0.0500007019131009,0.106735564729594,0.843263733357305
450,40,0.0500009392800822,0.125396569231624,0.824602491488294
460,40,0.0500012476862943,0.14916190446698,0.800836847846726
470,40,0.0500016419087493,0.178800208493408,0.771198149597843
480,40,0.0500021360355058,0.214853206256416,0.735144657708078
490,40,0.0500027413876165,0.257455188671606,0.692542069940778
500,40,0.0500034642221698,0.306165638497579,0.643830897280251
510,40,0.0500043039071762,0.35987857265172,0.590117123441104
520,40,0.0500052523922391,0.416868961018378,0.533125786589383
530,40,0.0500062955200037,0.474996852239998,0.474996852239998
540,40,0.0500074160462617,0.532025389785241,0.417967194168498
550,40,0.0500085975098536,0.585956531109329,0.364034871380818
560,40,0.0500098277774234,0.635283003927476,0.3147071682951
570,40,0.0500111013636616,0.679098970795845,0.270889927840493
580,40,0.0500124202553271,0.717073340382927,0.232914239361746
590,40,0.050013793535823,0.749332583330375,0.200653623133802
600,40,0.0500152363667207,0.77631011884706,0.173674644786219
610,40,0.0500167688451191,0.798605568420857,0.151377662734024
620,40,0.0500184150718848,0.816875846612266,0.13310573831585
630,40,0.0500202025755537,0.831762686138661,0.118217111285786
640,40,0.050022162106791,0.843851451605993,0.106126386287216
650,40,0.0500243277552145,0.85365273536248,0.0963229368823052
660,40,0.0500267373240353,0.861598568662102,0.0883746940138628
670,40,0.0500294329058449,0.868046902715773,0.0819236643783818
680,40,0.0500324616192901,0.873290029247185,0.0766775091335245
690,40,0.0500358764830454,0.877564271465744,0.0723998520512109
700,40,0.0500397374171572,0.881059459262046,0.0689008033207967
710,40,0.0500441123719305,0.883927466115452,0.0660284215126175
720,40,0.0500490785915469,0.886289539943133,0.0636613814653198
730,40,0.0500547240243438,0.888242409188628,0.0617028667870281
740,40,0.050061148894845,0.889863267337541,0.0600755837676144
750,40,0.0500684674547513,0.891213787228296,0.0587177453169527
760,40,0.0500768099315385,0.892343324882896,0.0575798651855655
770,40,0.0500863246942816,0.893291461409671,0.0566222138960477
780,40,0.0500971806569642,0.894090012352843,0.0558128069901928
790,40,0.050109569939882,0.894764612844727,0.0551258172153906
800,40,0.0501237108098411,0.895335967080027,0.0545403221101322
810,40,0.0501398509196561,0.895820833246417,0.0540393158339268
820,40,0.0501582708669493,0.896232800448093,0.0536089286849581
830,40,0.0501792880914083,0.896582902228285,0.0532378096803062
840,40,0.0502032611284173,0.896880101717156,0.0529166371544271
850,40,0.0502305942353126,0.89713167583056,0.0526377299341273
860,40,0.0502617424043676,0.897343519962511,0.0523947376331211
870,40,0.0502972167739591,0.897520389930059,0.0521823932959823
880,40,0.0503375904461619,0.897666094274404,0.0519963152794342
890,40,0.0503835047152387,0.897783647175828,0.0518328481089334
900,40,0.0504356757071094,0.897875390025656,0.0516889342672342
910,40,0.0504949014248849,0.897943087976122,0.0515620105989926
920,40,0.0505620691899308,0.897988006448846,0.0514499243612234
930,40,0.0506381634616764,0.89801097153922,0.051350864999104
940,40,0.0507242740125317,0.898012417440852,0.0512633085466169
950,40,0.0508216044268214,0.897992423379891,0.051185972193288
960,40,0.0509314808846386,0.897950742053795,0.0511177770615663
970,40,0.0510553611829882,0.897886821182044,0.0510578176349681
980,40,0.0511948439375943,0.897799819473653,0.051005336588753
990,40,0.0513516778993423,0.897688618079648,0.0509597040210101
1000,40,0.0515277713095933,0.897551828413526,0.0509204002768803
0,50,0.0500000004823567,0.0500126470540257,0.899987352463618
10,50,0.0500000004745611,0.0500128682788539,0.899987131246585
20,50,0.0500000004682384,0.0500131329751787,0.899986866556583
30,50,0.0500000004635117,0.0500134486485265,0.899986550887962
40,50,0.050000000460533,0.0500138244484754,0.899986175090992
50,50,0.0500000004594908,0.0500142716040159,0.899985727936493
60,50,0.0500000004606193,0.0500148039920063,0.899985195547374
70,50,0.0500000004642112,0.0500154388841353,0.899984560651654
80,50,0.0500000004706327,0.0500161979346306,0.899983801594737
90,50,0.0500000004803455,0.0500171084943712,0.899982891025283
100,50,0.0500000004939336,0.0500182053697713,0.899981794136295
110,50,0.0500000005121402,0.0500195331905679,0.899980466297292
120,50,0.0500000005359163,0.050021149614843,0.899978849849241
130,50,0.0500000005664858,0.0500231296897791,0.899976869743735
140,50,0.050000000605433,0.0500255718135037,0.899974427581063
150,50,0.0500000006548204,0.0500286059220363,0.899971393423143
160,50,0.0500000007173484,0.0500324047772065,0.899967594505445
170,50,0.0500000007965727,0.0500371995866412,0.899962799616786
180,50,0.0500000008971992,0.0500433016880382,0.899956697414762
190,50,0.0500000010254891,0.0500511327365404,0.899948866237971
200,50,0.0500000011898126,0.0500612668292233,0.899938731980964
210,50,0.0500000014014107,0.050074489399788,0.899925509198801
220,50,0.0500000016754435,0.0500918796783431,0.899908118646213
230,50,0.0500000020324368,0.0501149262531093,0.899885071714454
240,50,0.0500000025002797,0.0501456890883613,0.899854308411359
250,50,0.0500000031169867,0.0501870266433498,0.899812970239664
260,50,0.0500000039345198,0.0502429140283351,0.899757082037145
270,50,0.0500000050240778,0.0503188881161265,0.899681106859796
280,50,0.0500000064834163,0.0504226690817134,0.89957732443487
290,50,0.050000008446972,0.0505650260580388,0.899434965494989
300,50,0.0500000110998512,0.0507609787544556,0.899239010145693
310,50,0.0500000146971256,0.051031458371754,0.89896852693112
320,50,0.0500000195903832,0.0514055912195335,0.898594389190083
330,50,0.050000026264141,0.051923817713275,0.898076156022584
340,50,0.0500000353855454,0.0526421168629188,0.897357847751536
350,50,0.050000047871779,0.0536376673894343,0.896362284738787
360,50,0.0500000649806788,0.0550163297783437,0.894983605240978
370,50,0.0500000884310932,0.0569223549872138,0.893077556581693
380,50,0.0500001205600551,0.0595506699769306,0.890449209463014
390,50,0.0500001645231724,0.0631618787045775,0.88683795677225
400,50,0.0500002245413378,0.068099621918015,0.881900153540647
410,50,0.0500003061887284,0.0748089731583883,0.875190720652883
420,50,0.0500004167008782,0.0838528794351859,0.866146703863936
430,50,0.0500005652537046,0.0959210844802495,0.854078350266046
440,50,0.0500007631224855,0.111822550399852,0.838176686477662
450,50,0.0500010235776765,0.132448843488212,0.817550132934112
460,50,0.0500013613296951,0.158694272465071,0.791304366205234
470,50,0.0500017913370007,0.191322434913043,0.758675773749957
480,50,0.0500023269005344,0.230782742609157,0.719214930490308
490,50,0.0500029772311061,0.277006317892651,0.672990704876243
500,50,0.0500037450613455,0.329241617806872,0.620754637131783
510,50,0.0500046251967693,0.386007234032904,0.563988140770327
520,50,0.0500056048685209,0.445219154404329,0.50477524072715
530,50,0.050006666187805,0.504486508746653,0.445506825065542
540,50,0.0500077901135983,0.561492791206881,0.388499418679521
550,50,0.0500089606749986,0.614338976177415,0.335652063147586
560,50,0.0500101681843906,0.661749133503412,0.288240698312198
570,50,0.0500114107852397,0.703108082801124,0.246880506413637
580,50,0.0500126944364949,0.738366829191767,0.211620476371739
590,50,0.0500140319107223,0.767881862673015,0.182104105416263
600,50,0.050015441459389,0.792248194631481,0.15773636390913
610,50,0.05001694561935,0.812162002722947,0.137821051657703
620,50,0.0500185703948268,0.82832503372818,0.121656395876994
630,50,0.0500203448664367,0.841387780875719,0.108591874257845
640,50,0.0500223011814113,0.851922096194639,0.0980556026239494
650,50,0.0500244748476858,0.860413210181942,0.089562314970372
660,50,0.0500269052595406,0.867263002956615,0.0827100917838444
670,50,0.050029636401523,0.872798831305522,0.0771715322929549
680,50,0.0500327176980848,0.877284354177531,0.0726829281243842
690,50,0.0500362049936592,0.880930355190143,0.0690334398161978
700,50,0.0500401616606529,0.883904574362117,0.06605526397723
710,50,0.0500446598416248,0.886340166610182,0.0636151735481932
720,50,0.0500497818377724,0.888342736251501,0.061607481910727
730,50,0.0500556216596917,0.889996059357878,0.0599483189824301
740,50,0.0500622867589312,0.891366670843595,0.0585710423974736
750,50,0.0500698999605925,0.892507505842358,0.0574225941970495
760,50,0.0500786016184376,0.893460772125984,0.0564606262555784
770,50,0.0500885520148083,0.894260207161216,0.0556512408239759
780,50,0.050099934028216,0.894932847880159,0.0549672180916254
790,50,0.0501129560917485,0.895500417215055,0.0543866266931965
800,50,0.0501278554654473,0.895980410501154,0.0538917340333987
810,50,0.0501449018455005,0.896386947374272,0.0534681507802275
820,50,0.0501644013324324,0.896731440602576,0.0531041580649918
830,50,0.0501867007793917,0.897023121980332,0.0527901772402759
840,50,0.0502121925401078,0.89726945649912,0.0525183509607718
850,50,0.0502413196340276,0.89747646904591,0.052282211320062
860,50,0.0502745813435332,0.89764900246074,0.0520764161957265
870,50,0.0503125392549151,0.897790921588436,0.0518965391566485
880,50,0.0503558237509021,0.897905274710821,0.0517389015382765
890,50,0.0504051409579958,0.89799442123499,0.0516004378070147
900,50,0.0504612801465988,0.898060132572292,0.0514785872811087
910,50,0.0505251215759429,0.898103671641577,0.05137120678248
920,50,0.0505976447691232,0.898125855268279,0.0512764999625975
930,50,0.0506799371961123,0.898127102850672,0.0511929599532153
940,50,0.0507732033345068,0.898107473966174,0.0511193226993196
950,50,0.0508787740689485,0.898066697048313,0.0510545288827382
960,50,0.0509981163807352,0.898004190843485,0.0509976927757799
970,50,0.0511328432691169,0.897919080028842,0.0509480767020414
980,50,0.0512847238352512,0.897810206117787,0.0509050700469615
990,50,0.0514556934488349,0.897676134581317,0.0508681719698486
1000,50,0.0516478639061362,0.897515158959534,0.0508369771343301
0,60,0.0500000004939019,0.050012370540677,0.899987628965421
10,60,0.0500000004840862,0.050012544859951,0.899987454655963
20,60,0.0500000004757255,0.0500127575074311,0.899987242016843
30,60,0.0500000004689302,0.0500130151504502,0.89998698438062
40,60,0.0500000004638379,0.0500133259308215,0.899986673605341
50,60,0.0500000004606199,0.0500136998615042,0.899986299677876
60,60,0.0500000004594908,0.0500141493470929,0.899985850193416
70,60,0.0500000004607196,0.05001468987144,0.899985309667841
80,60,0.0500000004646453,0.0500153409122124,0.899984658623143
90,60,0.0500000004716971,0.0500161271653258,0.899983872362977
100,60,0.0500000004824216,0.0500170801947748,0.899982919322804
110,60,0.0500000004975179,0.0500182406693241,0.899981758833158
120,60,0.0500000005178863,0.0500196614124658,0.899980338069648
130,60,0.0500000005446924,0.0500214115839503,0.899978587871357
140,60,0.0500000005794546,0.0500235824414381,0.899976416979107
150,60,0.0500000006241631,0.0500262953155832,0.899973704060254
160,60,0.0500000006814408,0.0500297126942414,0.899970286624318
170,60,0.0500000007547653,0.0500340536844337,0.899965945560801
180,60,0.0500000008487711,0.0500396156510153,0.899960383500214
190,60,0.0500000009696678,0.0500468045850367,0.899953194445296
200,60,0.0500000011258147,0.0500561778258334,0.899943821048352
210,60,0.0500000013285169,0.0500685042792959,0.899931494392187
220,60,0.0500000015931279,0.050084849421379,0.899915148985493
230,60,0.050000001940579,0.0501066954000272,0.899893302659394
240,60,0.0500000023995064,0.0501361107917157,0.899863886808778
250,60,0.0500000030092081,0.0501759904942435,0.899824006496548
260,60,0.05000000382376,0.050230394467008,0.899769601709232
270,60,0.0500000049177443,0.0503050253840285,0.899694969698227
280,60,0.0500000063942204,0.050407900801492,0.899592092804288
290,60,0.050000008395808,0.0505502964822982,0.899449695121894
300,60,0.0500000111200786,0.0507480656380719,0.89925192324185
310,60,0.0500000148408898,0.0510234757686374,0.898976509390473
320,60,0.0500000199378781,0.0514077520939234,0.898592227968199
330,60,0.0500000269370786,0.0519445751151143,0.898055397947807
340,60,0.0500000365665844,0.0526948484002855,0.89730511503313
350,60,0.0500000498322821,0.0537431255892689,0.896256824578449
